  2.1407570e+000  3.2128456e+000
  1.9330666e+000  1.4506044e+000
  4.7935185e-001  5.7927205e+000
  4.1028747e-001  2.3120637e+000
  2.3813775e+000  6.0596043e+000
  6.9566657e-001  5.6282305e-001
  1.1954252e+000  4.0881399e-001
  2.1588249e+000  1.0233438e+000
  1.0329758e+000  3.0409877e+000
  4.4836412e-002  2.1280982e+000
  7.2689440e-001  2.6042685e-001
  2.1577799e+000 -6.6869196e-001
  2.9621477e-001 -1.0591069e+000
  2.1411641e+000  2.9490482e+000
  8.4187185e-001  3.2282265e+000
  3.1530427e-002  4.4148030e+000
  1.0730141e-001  2.5490917e+000
  1.9094580e+000  4.0979530e+000
  1.3323412e+000  1.9308251e+000
  1.2707554e+000  9.1325373e-001
 -4.8233119e-001 -2.7611109e+000
  2.1943985e+000  3.6477292e+000
  8.6884146e-001 -5.2703234e-001
  1.4160505e+000 -2.4975659e+000
  2.3424734e+000  5.2791889e+000
 -1.6386055e-001  9.2216866e-001
  1.4285599e+000  3.0812634e+000
 -3.2931339e-001 -1.1702746e+000
 -9.2291950e-001  6.8666503e-002
  2.2900195e+000  3.2657436e+000
  1.0765646e+000  6.1648128e+000
  1.4311289e+000  3.5589630e+000
 -5.1638836e-003 -1.0988808e-001
  1.3539990e+000  1.7395874e+000
  2.1149330e-001 -6.8366828e-001
  1.4838181e+000  4.3798618e+000
  1.3630434e-001  5.8675916e-001
  1.3749077e+000  4.7481644e+000
  3.7223501e+000  3.6408084e+000
  1.8321640e+000  2.4681199e+000
  5.3095201e-001 -3.7018375e-001
  7.6493195e-001  3.2695916e-001
 -5.1719189e-001  2.8153725e+000
  1.1093421e+000  3.9637445e+000
  2.0577449e+000  2.7084423e+000
  2.1568345e+000  5.0698572e+000
  3.6445275e-001  1.9755014e+000
  1.3675853e+000 -2.0614061e-001
  1.3063866e+000  5.4473043e-001
  1.0560861e+000  6.1894319e-001
  2.9452601e-001  7.6841585e-001
  2.7593324e-001  1.7921209e+000
  1.0043539e+000  2.3394766e+000
  5.8126222e-001  4.6977704e-001
  5.7220941e-001  2.2324118e+000
  1.5320174e+000  5.3363168e-001
  1.7144087e+000  3.1489186e+000
  9.4442859e-001 -1.4797575e+000
  1.3105826e+000  1.9615533e+000
  2.2481803e+000  4.6672404e+000
  4.1576416e-001  1.7975609e+000
  1.3706243e+000  4.8479589e+000
  1.5008284e+000  1.9297763e+000
  7.5553707e-001  2.1594471e+000
  7.6473917e-001  9.8794649e-001
  9.8040415e-001  1.4895510e+000
  2.4445475e-001  2.6604118e+000
  2.4726423e+000  3.8873754e+000
  1.0051468e+000 -7.9655106e-001
  2.3560478e-001  1.2219190e+000
  6.7714254e-001  2.6763987e+000
  2.4577943e+000  2.2617251e+000
 -7.8488327e-001 -1.2894842e+000
  1.5217245e+000  2.8157431e+000
  1.8515118e+000  3.9703756e+000
  1.7453041e+000  4.4166289e+000
 -3.7276687e-001  5.4461878e+000
  2.7920151e+000  5.4694539e+000
  6.9505653e-001  2.6386808e+000
  1.2898692e+000  3.2762605e+000
  3.8079790e-001  3.0057748e+000
  9.5133833e-001  3.0766147e+000
 -3.7175601e-001  4.0144084e-001
  6.3471275e-001 -1.4889359e+000
  1.9640795e-001  1.3913843e+000
  7.2669865e-001 -9.3766200e-001
  1.3400932e+000  1.9376512e+000
  1.0600799e+000  1.1145502e+000
  1.9515793e+000  2.4452817e+000
  1.1073352e+000  5.0123244e+000
 -1.7268657e+000  2.0097545e+000
  5.0765176e-001  5.2190402e+000
  2.1178597e+000  2.1336680e+000
  2.0497533e+000 -4.5267905e-001
  2.9844143e+000  5.9643720e+000
  2.5812765e-001  2.2826693e+000
  2.3397665e+000  3.4044947e+000
  1.1705823e+000 -2.0118287e-001
  1.7069686e+000  2.7088112e+000
  1.3167178e+000  6.4593443e-001
  1.4320675e+000  1.9948688e+000
  1.2268974e+000  8.0834532e-001
  5.6011157e-001  6.7441175e-001
 -1.3777821e+000  3.0982640e+000
 -2.3908645e-001  4.6472070e+000
 -5.4594841e-001 -2.1991800e-001
  5.2105838e-001  6.5119018e-001
 -1.4638689e+000  1.3085985e+000
  1.3491431e+000  3.7497026e+000
  1.9713002e+000 -1.1916109e-001
 -4.9140937e-001 -6.2258338e-001
  8.7977802e-001 -1.9220514e-001
  4.9012354e-001  2.4407497e+000
  5.2555908e-001  3.9770128e+000
  1.8008783e+000  1.9518352e+000
  7.7466538e-001  2.9338676e+000
  4.2743148e-001  1.8257438e-001
 -1.0119370e-001  2.9649476e-001
  1.1049337e+000  4.4269965e+000
  1.2929923e+000  2.5999689e+000
  1.1062921e+000  3.1052355e+000
  1.3532018e+000  3.8964115e+000
  1.7323041e+000  6.3575787e-001
  2.0279890e+000  4.3670482e+000
  4.1072614e-001  1.4202843e-001
  1.0878429e+000  3.8692841e+000
  1.4569415e+000  4.0022618e+000
  1.0531857e+000  4.5132351e+000
  1.3430999e+000  3.0777545e+000
 -2.2544664e-002  2.5892473e+000
  1.6241510e+000  1.7048995e+000
  5.1584318e-001 -1.0931948e+000
  8.2060969e-001  9.2160000e-001
  2.9481646e+000  4.8222539e+000
  9.1771696e-001  1.0952742e+000
  1.3045047e+000  2.4695658e+000
 -1.4732981e+000  1.9897479e+000
  1.8876563e+000  5.5933985e+000
  2.6040736e+000  3.1419054e+000
 -1.5579627e-001 -4.4957308e-001
  7.7644171e-001  5.2132616e-001
  2.5798576e-001  4.8597865e+000
 -1.0063736e+000 -2.9926989e+000
 -3.5835461e-001  1.2947329e+000
  9.5591664e-001  1.3720127e+000
  1.0210405e+000  1.8524152e+000
  1.6910815e+000 -7.0571673e-001
  6.5759529e-001 -9.6152185e-001
  6.6687908e-001  4.6361822e+000
  2.5546726e+000  2.7233403e-002
  2.7055459e-001  4.1953035e+000
  1.9165617e-001  7.7939428e-001
  1.5056280e+000  1.9592945e+000
  1.5587564e+000  1.7728286e+000
  9.6621059e-001  2.8084210e-001
  1.0181018e+000  3.3009780e+000
  3.1859501e-001  8.3088485e-001
  2.2242071e+000  3.6796947e+000
  1.2075613e+000  3.9273077e+000
  1.7526662e+000  3.2266936e+000
  2.1216543e+000  2.8401685e+000
  1.7099229e+000  4.9519398e+000
 -1.0728639e+000 -1.8153992e+000
  2.0784942e+000  1.0730445e+000
  4.6137846e-001  1.2324516e+000
  1.0979726e+000 -1.3062782e+000
  1.1703213e+000  3.2226993e+000
 -7.1196306e-001 -4.3742982e-001
  2.5188973e+000  2.5897979e+000
  1.3093404e+000  1.1976149e+000
  1.6990903e+000  6.2022250e+000
  8.6046536e-001  7.7355384e-001
  1.5218411e+000  2.3879521e+000
  9.6675017e-001  1.0583829e+000
  7.2884523e-001  2.0811669e+000
  2.0638890e+000  2.9359584e+000
  9.3441171e-001  3.3005864e+000
 -9.2966100e-002 -1.0557109e+000
  1.5681886e+000  1.8191237e+000
  2.2798054e-001 -1.9467213e+000
  3.8525816e-001  1.9925537e+000
  4.4951512e-001  3.2784236e+000
  2.1157862e+000  3.6413601e+000
  1.1412847e+000  5.7841116e-001
 -1.1007234e-001  2.0531590e+000
  6.7452484e-001  7.6758172e-001
  1.5938129e+000  2.1803331e+000
  8.2140098e-001  2.7485584e+000
  5.1370904e-001 -1.3757966e+000
 -1.1426292e+000 -1.3466931e+000
 -1.9541181e-001  2.2556481e-001
  9.8665312e-001  2.4757001e+000
 -8.0871714e-001  1.3939497e-001
  5.2153073e-001  1.3274055e+000
  4.8643209e-001  7.0387668e-001
  3.1429547e-001  4.8067371e+000
  5.8475665e-002  1.8341149e+000
  1.8433147e+000  8.9607939e-001
 -6.9257769e-001  1.4125984e+000
  1.7256787e+000 -1.3339619e+000
  7.0250747e-001  3.4307884e+000
  7.2850251e-001 -2.1744864e+000
  1.6310417e+000  3.5998018e+000
  1.4917818e+000 -6.8337698e-001
  4.1224403e+000  4.0975846e+000
 -3.9880209e-001 -1.5261392e+000
  1.7886623e+000  3.0481424e+000
  2.0953744e+000  1.6432269e+000
  1.6840426e+000  1.7319598e+000
  1.2065446e+000  5.3312002e+000
  1.6231538e+000  6.4531831e-001
 -1.7818408e+000  1.3306315e+000
  1.7912002e+000  1.2274957e+000
  1.3752137e+000  1.5658978e+000
  1.9380649e+000  5.0784802e+000
  6.6628509e-001  2.6096114e+000
  1.0638039e+000  2.8626534e+000
  9.1956336e-001  4.0513936e+000
 -4.7282659e-001 -2.5628036e-001
  2.6244372e+000  2.9941160e+000
 -1.0498254e+000  1.0866377e+000
  1.0433648e+000  2.4480634e+000
  2.5098491e-001  3.0817017e+000
  1.7411353e+000 -6.3257553e-001
  1.0743430e+000  3.9587285e-001
 -1.1718637e+000 -2.0494728e+000
  2.3769233e+000  2.6633860e-001
  2.4596375e-001  2.4747061e+000
 -4.4359820e-001  3.3659122e-002
  2.2727212e-001 -5.5441767e-001
  1.6041079e+000  2.1169150e+000
  6.4717663e-001 -1.4691602e+000
 -1.7857484e+000 -2.4709379e+000
  2.4463973e+000  3.7297514e+000
  6.6292200e-001 -1.4410867e+000
  1.9910141e+000  5.5492890e+000
  2.0841775e+000  4.5713764e-001
  1.4614370e+000  2.2681840e+000
  1.0964557e+000  7.4847814e-001
  2.4293312e+000  2.8320011e+000
 -4.3512782e-001  1.6070249e+000
  3.4228838e-001  3.7162943e+000
 -2.8646376e-001  3.1984627e+000
  5.2849846e-001  8.4147469e-001
 -4.8496774e-001  4.8293362e-001
  2.3222677e+000  3.5057465e+000
  1.1707785e+000  5.1785018e+000
  1.5365315e+000  4.0779974e+000
  1.6013375e+000 -5.2309126e-001
  2.6857710e+000  2.0040602e+000
  3.4148581e-001 -5.8952910e-001
 -3.8899155e-001 -8.3488555e-001
 -1.1660495e-001  2.4198791e+000
  1.5489962e+000  1.5786603e+000
  1.1729277e+000  5.0712157e+000
  1.2796554e+000  3.1876338e+000
  1.2234843e+000  2.7675357e+000
  7.0225719e-001  5.6024862e+000
 -7.2046870e-001 -9.1491472e-002
  1.1987548e+000  2.8350516e+000
  2.6043066e+000  4.4057180e+000
 -1.8456882e-001 -1.2663932e-001
  2.0107212e+000  3.1508939e+000
  2.3773946e+000  5.0297537e-001
  1.5915199e-001  3.2218740e+000
  9.7338952e-001  5.4582589e+000
  1.2622252e+000  2.7743406e+000
  2.0994831e+000 -1.1317347e+000
  2.0953423e+000  6.3251275e+000
  1.1285338e+000 -2.4353648e-001
  1.1360596e+000 -2.1793524e-001
  4.5703004e-001 -1.3543140e-002
  1.1898335e+000  1.6586885e+000
 -7.6814422e-001 -1.9596803e+000
  1.5260763e+000  8.0097367e+000
  3.3039229e+000  2.1349914e+000
  2.1259601e+000  4.5221949e+000
 -4.9109571e-001  2.0622403e+000
  2.2993640e+000  1.4876480e+000
 -6.6413481e-001 -1.0178611e+000
  2.2681637e+000  6.0975729e+000
  1.0556177e+000  3.3734182e+000
 -4.9164981e-001 -1.2118781e+000
 -9.8669499e-002  6.0779308e-001
  1.2000562e+000  1.9532197e+000
  1.9610913e+000  3.9378754e+000
  2.2724385e-001  3.1726146e+000
 -1.2638296e-001  2.9372974e+000
  3.3334583e-001  3.2540358e+000
  1.7384231e+000  3.1364992e+000
  1.8943811e+000  5.7996790e+000
  1.0782103e+000  5.2037721e-001
  2.4508188e+000  6.9767395e+000
  8.8034420e-001  3.1491932e+000
  1.6259097e+000  5.1744205e+000
  5.3629299e-002  8.3730149e-001
  1.2811940e+000  8.0659052e-001
  1.2343432e+000  3.1747453e+000
  5.4319297e-001  2.5081565e+000
  6.4041833e-001  2.6105920e+000
  1.6613019e+000  2.9063384e+000
  1.9055678e+000  3.9713424e+000
 -1.7045159e-001  1.9801318e+000
  4.6083119e-001  1.5789638e-001
  2.3764591e+000  5.9568007e-001
  1.6057509e+000  3.3250713e+000
  3.0283693e+000  3.9386213e+000
  6.4777266e-001  2.6265423e+000
  8.2343955e-001 -8.6122815e-001
  7.9577186e-001  6.5123282e-001
  8.4097703e-001  2.2391390e+000
  2.1525175e+000  5.3871888e+000
  2.0359512e+000  6.3316937e-001
  5.0904203e+000  5.5126255e+000
  2.3457453e+000  3.4786469e+000
 -1.1185424e+000  8.2873993e-001
  3.3586451e-001 -1.7190439e-002
  1.2703971e+000  7.1921328e-001
  2.9204294e-001  4.2825962e-001
  6.7270094e-001  1.8640988e+000
  9.0954620e-001  2.8196350e+000
  5.5453871e-001  5.4347853e+000
 -8.1162385e-001 -2.3793066e+000
  1.0238645e+000  3.8359519e+000
  1.6540825e-002  3.1255764e+000
  1.3007671e+000  2.0558555e+000
 -1.5101284e+000 -1.7453579e+000
  1.1437551e+000  1.4796561e+000
  8.2581009e-001  1.2442676e+000
  1.3640123e+000  3.3510181e+000
  4.6707918e-001  2.0211321e+000
 -9.2485476e-002  2.4389819e+000
  8.3657403e-001  1.7226619e+000
  1.2272030e+000  3.2555335e+000
  1.0669063e-001  1.1065273e+000
 -9.4972271e-002  4.4097936e+000
  5.5830085e-001  3.5460226e-001
 -7.0335435e-001  1.9808500e+000
 -8.2919617e-001  4.6710463e+000
 -8.8590147e-001 -5.7425196e-001
  1.3204826e+000  2.3858176e+000
  1.1728496e+000  3.5482540e+000
  1.0591274e+000  2.2129598e+000
  4.2289306e+000  6.3318859e+000
  1.4506208e+000  2.9033531e+000
  1.6358198e+000  5.0144947e+000
  8.0966581e-001  1.4513364e+000
 -6.2287974e-001 -2.4662544e+000
  2.3093253e+000  4.4943198e+000
  2.1650146e+000  2.2717618e+000
  1.4519963e+000  2.4479997e+000
 -1.0372428e+000  1.5270955e+000
  1.6867935e+000 -1.0060292e+000
  1.3365036e+000  1.6106382e+000
  3.1329776e+000  4.7832589e+000
  1.0633986e+000 -2.1297601e+000
  3.0831147e-001 -6.0060198e-001
  6.1680783e-002 -2.4729889e-001
  6.9609823e-001  8.6726037e-001
  5.6215163e-001  2.8687212e+000
  2.0777277e+000  4.2734459e-001
  3.2628248e+000  3.5790066e+000
 -2.2631827e-001  2.1790964e+000
  8.0992831e-001  2.7094284e+000
  7.8711060e-001  1.9461148e+000
 -7.8701341e-001  1.5900039e+000
  1.1754169e+000  5.0284207e+000
  4.9550306e-001  1.8266918e+000
  3.8876591e-001  4.4907834e+000
  2.1818566e+000  6.2445521e+000
  1.6594681e+000  1.6452152e+000
  2.7278060e-001  6.9869150e-001
  1.8675821e+000  3.8074657e+000
  6.3040949e-001  3.2668391e-001
  3.8079264e-001 -1.5297077e+000
  9.8431074e-001  2.4855496e+000
 -1.5162035e-002  1.9860371e+000
  5.9484737e-001  2.0373660e+000
  4.8323009e-001 -1.7679646e-001
  7.1706858e-001  1.0547397e+000
  8.7914135e-001  3.7919207e+000
  2.9737024e+000  3.9088763e+000
  1.7715723e+000  2.2629902e+000
  5.0901361e-001  5.5494334e-001
  1.9410528e+000  2.0871206e+000
  1.8235203e+000  2.7133328e+000
  1.9537019e+000  3.3204058e+000
  1.0495663e+000  7.5267886e-001
 -3.4309255e-001 -8.9977619e-001
  1.6205606e+000  2.5767895e+000
  1.3644943e+000  2.5904545e+000
  2.8431072e-003  1.2649188e+000
  2.8722434e+000  2.3691033e+000
  6.5351584e-001 -1.3199964e+000
  1.8347704e+000  2.3530411e+000
 -1.6143616e-002  2.7740343e+000
  2.4072234e+000  6.4449177e+000
  7.3023445e-001  2.7313084e+000
  4.6913494e-001  2.1913404e+000
  1.8507735e+000  3.5289672e+000
  7.6578254e-001  2.0106480e+000
  2.7028833e+000  1.8730270e+000
  2.8352945e+000  2.3508913e+000
  1.1213251e+000 -7.0077606e-003
  3.4801638e+000  3.7170072e+000
  4.0228960e-001  1.8591530e+000
  1.6284380e-001  2.8710339e+000
 -2.7618289e-001  2.3006144e-001
 -2.4096755e-001 -7.4998716e-001
  1.4216552e+000  2.9363873e+000
  5.8771532e-001 -9.6274548e-001
  1.7607675e+000  6.9681600e-001
  1.3057266e+000 -6.9787778e-001
  3.6743080e-001  1.6021470e+000
  5.5490179e-001  2.2434864e+000
  1.4353959e-001 -5.3397825e-001
  1.2098748e+000  1.7397315e+000
  7.6112693e-001  2.9965477e+000
  1.8272865e+000  3.0883068e+000
 -2.0284665e+000 -9.3253386e-001
  2.8293285e+000  3.5792506e+000
 -1.2409447e-001  7.8801582e-001
  1.8283501e+000  3.1124525e-001
 -8.5728647e-001  1.4433296e+000
  1.6603072e+000  3.9506818e+000
 -2.0739294e-001  1.4978783e+000
  3.3406938e+000  4.5168262e+000
  1.0363597e+000  2.7534949e+000
  1.0997366e+000  2.7074490e+000
  2.0525517e-001  5.3111044e-001
  6.1787541e-001  2.4282384e+000
  1.0332245e+000  2.9344170e+000
  1.0237956e+000  4.5429098e+000
  8.2659267e-001 -1.2379323e+000
 -3.3353999e-001 -1.8748824e+000
 -1.7032357e-001  2.2654945e+000
  1.4320664e+000  4.4221128e+000
  1.4280452e+000  2.9220289e+000
  1.5670981e-001 -8.6962877e-001
  2.7295965e+000  2.3345631e+000
  1.0242544e+000  3.8775225e+000
  2.4635957e+000  5.4295680e+000
  3.0298843e-001  2.7396329e+000
  2.6023512e+000  5.8370010e-001
  1.2576411e+000  3.0357065e+000
  1.6542084e+000 -1.0384655e+000
 -2.7574856e-001  1.3940391e+000
  1.0845271e+000  1.8471971e+000
  2.8804332e+000  4.8948081e+000
  1.0239819e+000  1.7847832e+000
  1.0818103e+000  1.6683608e-001
  1.9412530e+000  2.2017522e+000
  1.7047899e+000  2.3390190e+000
  9.1258971e-001 -8.1364702e-001
  1.2992993e+000  2.8038264e+000
  1.7396987e+000  9.7479762e-001
  1.0061653e+000  4.0480694e+000
 -2.0532560e-002  2.0749849e+000
  2.1393192e+000  1.9958234e+000
  1.2276387e+000  1.3857062e-001
  1.0692389e+000 -1.0279113e+000
  2.1372073e+000  4.5491653e+000
 -7.8593830e-001  2.9851099e+000
  2.2093209e+000  3.4564468e+000
  1.1707582e+000  1.0553088e+000
  1.5051988e+000  3.2772154e+000
  1.9546256e+000  2.8622940e+000
 -5.9376578e-001  1.2260860e+000
  2.9271784e+000  6.7052200e+000
  8.6540083e-001  1.5199400e+000
 -1.2719418e+000  3.9747419e-001
 -6.4151867e-001 -1.4660976e+000
  2.2727242e+000  1.6944212e+000
  1.1801043e+000  4.0279097e+000
  9.4607766e-001  9.4969323e-001
  1.3113087e+000 -1.1331289e+000
  2.3977011e-002  2.2505820e+000
  1.3650256e+000  3.3485906e+000
  4.8985774e-001  2.5416830e+000
  1.2615607e+000  3.7256694e+000
  2.6004989e+000  2.0548257e+000
  1.6314502e+000  3.1611195e+000
  2.4041219e+000  2.6603715e+000
  2.1782578e+000  3.7451417e+000
  1.1002896e+000  4.7547088e-001
  8.2932607e-001  2.3526975e+000
  1.7109136e+000  2.1890117e+000
 -1.6791101e-001  4.6256045e+000
  8.7012922e-001  1.6800238e+000
  1.5416247e+000  3.2054167e+000
  1.5567632e+000  3.2883148e+000
  3.9152044e-001  5.9350267e-001
  1.2278554e+000  4.3527977e+000
  1.0075719e+000  2.7535421e+000
 -1.5662882e-001  2.9589751e+000
  8.3092871e-002  2.4707642e-002
  5.6628140e-001  1.7036528e-001
  2.0682805e+000  3.8490208e+000
  1.7250057e+000  3.8353017e+000
  2.3243114e+000  4.1898027e+000
  1.8805326e+000  4.5027184e+000
  1.3361219e+000  2.4024615e+000
  1.0317115e+000  1.8268344e+000
  1.2058544e+000  2.4264188e-001
  2.3071147e+000  3.2150983e+000
  1.2685988e+000  3.2499563e+000
  2.0240752e+000  5.1177812e+000
  9.6623220e-001  6.3913430e-001
 -1.0907923e+000  1.2111233e+000
  6.8394072e-001  3.1098221e+000
  1.1329361e+000  4.1170277e+000
  3.3497125e-001  1.2252239e+000
  9.5324862e-001 -1.8531772e-002
 -5.0424420e-001  2.9365242e-002
  3.2667305e-001  1.1794836e-002
  1.9959170e-001  1.3274226e+000
  7.7179500e-001 -1.1899492e+000
  1.4601412e+000  1.1590161e+000
  1.5664354e+000  1.3694585e+000
  2.0466590e+000  4.2464912e+000
  2.0085411e+000  4.6016404e+000
  5.6437366e-001  2.6122396e+000
  2.5347461e+000  2.0228664e+000
  1.0933462e+000  1.0069598e+000
  1.1650688e-002 -1.9311124e+000
  5.6976394e-002  3.6714544e+000
  4.3981448e-002 -2.1454261e+000
 -2.8645995e-001  2.4909349e+000
  2.2958926e+000  9.4052489e-001
  7.3720051e-001  1.8868826e+000
  2.0125045e+000  2.3855823e+000
  4.8650569e-001  3.0328873e+000
  2.4286581e+000  5.7058152e+000
  1.3472409e+000  1.8099582e+000
  5.5492280e-002  3.6820612e+000
  1.7978700e+000  1.5749645e-002
  1.6038522e+000  1.3923421e-002
 -5.5943390e-001  1.9446365e+000
 -3.9570514e-001  1.8815552e+000
  1.1386935e+000  2.3895638e+000
  2.9786107e-001 -1.5765000e+000
  4.7951067e-001  3.0004493e+000
  1.7641164e+000  4.8492246e+000
  1.2985301e+000  2.5187849e+000
  2.0527312e+000  2.5291065e+000
  1.2957775e+000  3.2779327e-001
  2.4587117e+000  2.7773601e+000
  6.4781231e-001  3.6182356e+000
  1.1412657e+000  2.2729364e+000
  9.3620896e-001  1.9297482e+000
  1.1327838e+000  3.1402476e+000
 -9.1659814e-002 -2.7880308e-001
  1.6954499e+000  1.8431770e+000
  3.6122110e-001 -7.9420597e-001
 -1.1627383e-002 -1.7245027e+000
  3.5629750e+000  3.3981406e+000
 -3.6510209e-002  2.7749166e+000
 -1.2961823e+000 -5.9886262e-001
  7.0832626e-001  3.3979285e+000
  1.2156639e-001 -2.4387097e-001
  2.8085733e+000  3.2487332e+000
  1.5081985e+000  1.0465501e+000
  1.2759573e+000  3.0493844e+000
  5.9523930e-001  2.7176686e+000
  9.4168353e-001  9.6023417e-001
 -8.0932615e-001 -1.0184765e+000
  3.4239773e-001 -3.8258254e+000
  2.1008245e+000  1.7619079e-001
 -2.0026981e-001  2.6286235e+000
  2.2251423e-001  5.0708852e+000
  1.5112397e+000  3.1624773e+000
  1.3179624e+000  2.3235290e+000
  1.7836434e+000  3.6079192e+000
  1.9304336e+000 -2.9514984e-001
  6.7059007e-001  3.6739707e+000
  3.3730973e+000  4.2338230e+000
  8.6313797e-001  3.5149722e-001
  1.8860407e+000  2.7159822e+000
  8.6505663e-001  2.0109448e+000
  1.2593803e+000  2.3931582e+000
 -4.5335118e-001  2.5867499e+000
  1.3720329e+000  2.5261108e+000
  7.0413595e-001  1.9798536e+000
 -4.7704101e-001  3.4690197e+000
  1.2787373e+000 -1.9393569e+000
 -1.3160758e+000  8.6928218e-001
  1.3845391e+000 -3.2362788e-001
  2.0168891e+000  3.2258576e+000
  3.8191723e-001  4.3719965e+000
  1.4285344e+000 -7.6859025e-001
  1.3176951e+000  2.4575931e+000
  3.3290659e-001  4.8556746e-002
  1.0862693e+000  3.5941356e+000
 -1.8524924e-001  1.6313063e+000
  1.6871870e+000  3.4064556e-001
  1.9765060e+000  3.9034984e+000
  9.7080762e-001  3.4435204e+000
  4.7092878e-001 -1.6423785e-001
  2.9874819e+000  2.5147231e+000
 -7.2798858e-001  3.1841742e+000
  2.4370308e+000  2.5082529e+000
  1.8888400e+000  4.3483536e+000
  2.1268836e+000  5.6457443e+000
  2.3095244e+000  4.7658511e+000
 -1.5114481e+000  2.5644877e+000
  1.4704279e+000  1.5541055e+000
  1.0387624e+000  3.6665388e+000
  1.0382732e+000  4.8164698e+000
  2.7537307e-001  3.5451794e+000
 -6.2232577e-001  4.0281722e+000
  3.3555313e-002 -1.8918790e+000
  1.3724569e+000  3.7675143e+000
  1.0596752e+000  2.3935809e+000
  1.5891695e+000  2.9111809e+000
  1.7817589e+000  4.7584139e+000
 -1.1105142e-001  1.1318886e+000
  9.8503179e-001  3.1304833e+000
  1.5048143e+000  7.8810392e-001
  1.7395313e-001  1.6659890e+000
  2.4610651e+000  4.2200900e+000
  1.8784412e+000  2.7779892e+000
  6.2139953e-001  8.7077439e-001
  1.0921517e+000  3.8974507e+000
  1.6208387e+000  5.4001395e+000
  3.4552395e-001  2.3320291e+000
 -8.8601842e-001 -1.6818335e+000
  1.4295132e+000  2.3928833e+000
  1.0706024e+000  1.8719703e+000
 -2.1049672e-001 -3.6138173e+000
  2.3644896e+000  2.5672113e+000
  1.5241575e+000  3.5774260e+000
  9.4916689e-001  3.2540286e+000
  1.5696426e+000 -1.2449836e+000
  1.0988041e+000  1.5792054e+000
  3.8957170e-001  3.0134450e+000
 -7.1353681e-001 -5.3120335e-001
  5.7138916e-001  2.9113092e+000
  1.3472349e+000  3.7851300e-001
  1.5062330e-002  2.9505691e+000
 -1.7565401e-002  3.7689228e+000
  2.3531262e+000  4.5739827e+000
  1.6818529e+000  2.2188343e+000
  1.7220915e+000  2.4947825e+000
 -1.1485566e+000 -8.9122556e-001
  4.4905021e-001  7.5581550e-001
  2.2133245e+000  4.1128216e+000
  1.3391857e+000  2.4221344e+000
 -1.0445724e+000  6.4050802e-001
  1.8876175e+000  4.2977932e+000
  1.0893368e+000  3.1382585e+000
  2.0525786e+000  3.2631587e+000
 -7.4647492e-001  2.4106345e+000
  1.9057953e+000  2.8456156e+000
  5.7306989e-001 -7.0470662e-001
  1.4430506e+000  2.1864610e+000
 -9.9624159e-001  3.8397540e+000
  1.5301195e+000  2.0037311e+000
 -1.3868159e+000 -2.0663425e+000
  1.3185136e+000  2.6083370e+000
  1.0056632e+000  1.1862485e+000
  1.0636878e+000  3.5973114e+000
  1.8610289e+000  4.8935255e+000
  5.9789548e-001  1.5170734e+000
  5.8996554e-001  3.4855865e+000
  1.1950204e+000  1.5381233e+000
  2.3941302e+000  2.1879194e+000
  5.3224707e-001 -1.0262104e+000
  2.8749986e-001  5.9596275e-001
 -4.4477078e-001  3.4354462e+000
  2.5975822e+000  3.7914165e+000
  1.7167408e+000  1.3768411e+000
  1.4189682e+000  1.2249676e+000
  2.4398078e+000  2.2799150e+000
  1.2269076e+000  3.7789227e+000
  3.1504812e-001  1.4764977e+000
  6.2804161e-001  2.0464994e+000
  1.6674904e+000  2.8375533e+000
  2.9639448e+000  3.3661498e+000
  1.7072990e+000 -4.4434286e-001
  7.3877090e-001  4.2926126e+000
  9.9355067e-001 -9.1173139e-001
  1.4234040e+000 -2.4830015e+000
  7.0971626e-001  9.4741334e-001
 -5.4677272e-001  2.0909599e+000
  2.5688751e-001  1.3473813e+000
  2.9892463e-001  9.5647958e-001
 -7.7659975e-002  8.5420542e-001
  4.7350300e-001  2.2928739e+000
  1.0568737e+000  2.7732997e+000
  2.9556558e-002  2.6566250e+000
  7.0131660e-001  3.7416161e-001
  1.8733045e+000  9.6311150e-001
  1.5012644e+000  3.9139067e+000
  1.4465593e+000  1.7853910e+000
  8.4423466e-001  5.8996891e-001
  1.5004900e+000  2.9301048e-001
  2.9237517e-001 -4.6601862e-001
  8.7405979e-001  1.2026376e+000
 -1.2789729e+000  1.2187723e+000
  1.3179487e+000  2.4340764e-001
 -1.0059230e+000  3.1903733e+000
  2.4661930e-001  4.1269911e+000
  2.3096114e+000  5.3314018e+000
  2.6713798e+000  3.5287337e+000
  2.5630925e+000  2.4696214e+000
 -9.0832400e-002  3.0537281e+000
  2.3652230e-001  1.4294995e+000
  8.6198135e-001  2.4066131e+000
  1.0420698e+000  3.9879399e+000
  9.0251049e-001 -1.3339978e+000
  1.7764898e+000  4.7451656e+000
  1.0113813e+000  1.0730701e+000
  2.0366631e+000 -3.2474434e-001
  1.3752069e+000  1.8066611e+000
  1.2712023e+000  5.2784246e-001
  5.2832711e-001  1.8741637e-002
  1.4558656e+000  6.0755927e-001
  1.8947573e+000  3.8440452e+000
  2.3604688e+000  1.7226098e+000
  1.5713236e+000  1.4086310e+000
 -5.5819800e-001  1.0183028e+000
  2.8503823e+000  9.6613845e-001
  4.4428969e-001  3.1836795e+000
  1.7050400e+000 -2.2862068e+000
 -1.8406112e+000 -9.8483726e-001
  3.4634740e+000  2.8671921e+000
 -1.6633946e-001  2.3693656e+000
  2.9622742e-001  2.1827776e+000
  6.6232988e-001  2.8205514e+000
  1.3060760e+000  1.3198214e+000
 -5.9062995e-002  4.5538081e+000
  1.9903051e+000  1.9215769e+000
 -1.0261636e+000  3.8541354e-001
  9.7216462e-001  7.0386018e-001
  1.1057339e+000  4.4220683e+000
  6.9137451e-001  2.2076420e-003
 -8.1960292e-001 -2.0785983e+000
  1.3265359e+000  1.6889171e+000
  4.4450283e-002  5.0065086e+000
  1.6563491e+000  2.0356041e+000
  7.6263127e-001  4.3226428e-001
  1.8139075e+000  2.6707920e+000
  1.7164243e+000  2.9866137e+000
  1.2597067e+000  1.6695772e+000
  1.2434265e+000  3.0793423e+000
  7.5533281e-001 -1.0214894e+000
  1.6981815e+000 -6.7600668e-002
  1.0099807e-001 -5.2370703e+000
  8.5663652e-001  2.0334001e+000
  8.8330072e-001  4.5515907e+000
  5.7240030e-001  2.0943941e+000
  5.8829632e-001  1.8955885e+000
  4.4387490e-001  3.1046217e+000
  1.5390336e+000  1.8052542e+000
  2.4565602e+000  2.0514469e+000
  2.1090722e+000  3.3832772e+000
 -3.1309280e-001  2.2798042e+000
  1.1315709e+000  4.0486183e+000
  1.3941952e+000  2.7313786e-001
  1.3935993e-001  8.7205854e-001
  8.4095113e-001 -1.5766368e+000
  1.6770886e+000  2.1871742e+000
  3.1877618e-002 -1.7118355e-001
  9.6845118e-001  2.7580015e+000
  1.9178981e+000  3.5640851e+000
  9.0125548e-001  3.7080057e+000
  2.0596911e+000  5.2983952e+000
  1.4642601e+000  5.0828956e+000
  3.2677858e-001 -2.1986692e+000
  2.4761351e+000  3.2473625e+000
  1.1896967e+000 -1.9574723e-001
 -3.8339974e-001  2.2404575e+000
  2.1511904e-001  2.5974319e-001
 -1.6476871e-002  1.2428031e-002
 -1.3167685e+000 -9.0379516e-001
  8.8862038e-001  2.3276391e-001
  1.2239644e+000  1.5045177e+000
  1.4934565e+000  4.3889299e+000
  1.4679912e+000  3.7662061e+000
  1.4513110e+000  2.5534719e+000
  2.3181504e-001  9.0963413e-001
 -1.0609133e-001 -4.5881307e+000
  1.3286019e+000  1.1129202e+000
  3.4606359e-001  2.1219854e+000
  1.1242362e+000  2.8540146e+000
  4.2082175e-001  2.0895582e+000
  7.6238922e-001 -1.4985758e-001
  2.0651050e+000  2.6760266e+000
  3.8976245e-001  1.8254756e-001
 -1.5357610e+000  2.1751000e+000
  6.1224569e-001  4.2427552e+000
  1.1795183e+000  3.7683052e+000
  2.1162595e+000  2.6450329e+000
  6.7608627e-001  2.9150014e+000
  9.8662764e-001  3.6980333e-001
  1.5237031e+000  4.9880567e+000
  1.6167248e+000  3.9096457e+000
  2.0946403e+000  2.1684614e+000
  1.1535429e-001  2.4505087e+000
  1.5489917e+000  2.3090925e+000
  4.1963883e-001  2.6443757e+000
  1.1047994e+000  8.0717360e-001
  2.3037208e+000  3.4920266e+000
  4.9462863e-001  3.4642147e-001
  2.5332945e+000  7.7406978e-001
  9.5835845e-001  7.0931746e-001
  4.2261098e-001  6.4645856e-001
  1.6849844e+000  3.9384071e+000
 -2.3309746e-003 -7.6519312e-001
  5.4564197e-001  2.7849052e+000
  6.5392295e-001  3.9961333e-002
  1.2725368e-001  3.2383969e+000
  1.6311914e+000  2.6632638e+000
  1.9760146e+000  2.5157598e+000
  3.4159067e-001 -7.3190122e-001
  1.7831702e+000  5.3334225e-001
 -2.6002538e-002  7.7431157e-001
  1.5559151e+000  4.7742145e+000
  1.4291443e-001  1.4212566e+000
  1.3770717e-001 -5.4404759e-001
  2.0418377e+000  4.4663771e+000
  5.9192794e-001  1.4819833e+000
 -1.7242600e-001  2.6547749e+000
  1.0475069e+000  1.0202137e+000
  3.2009003e-003  1.5498884e+000
 -8.4381358e-001 -2.0524546e+000
  6.7669812e-001  2.2521756e-001
 -7.4068164e-001  1.8843872e+000
  8.4116297e-001  2.8500427e+000
 -1.3952344e+000  2.2789140e+000
  2.3131870e-001  2.3128506e+000
  6.4725644e-001  2.0471853e+000
  6.6111336e-001  3.0662452e+000
  1.0819634e+000  3.5292527e+000
 -2.0584051e-001  3.1061879e+000
  1.1408548e+000  5.0131648e+000
  1.1735527e+000  3.5252494e+000
  2.9082305e-001  1.1500021e+000
  4.5805107e+000  2.4311024e+000
  2.1861180e+000  1.7345331e+000
  1.9251284e+000  1.2354242e+000
  1.0139086e+000  9.7857544e-001
 -8.6356694e-001  3.1946505e+000
  1.4147015e-001 -3.7025200e-001
  3.9899753e-001  2.7446367e+000
  1.2525960e+000 -5.1873816e-001
  1.9215641e-001  8.0084851e-001
  1.2205036e+000  2.0237173e+000
  1.8069415e+000  1.6144399e+000
  6.7883837e-001  3.6006962e+000
 -2.7279430e-001  3.7138537e-001
  1.1504848e+000  4.3907324e+000
  1.3753331e+000  1.0788488e+000
 -4.2033259e-001 -1.3130313e+000
  2.2021708e+000  4.0744328e+000
  9.5910317e-001  5.4398122e+000
  3.0308662e-001  3.8957142e+000
  5.4069989e-001  3.6036890e+000
  1.9197627e+000  3.9252864e+000
  1.0005039e+000  5.0870156e+000
  8.7261741e-001  4.4156614e+000
  3.3331895e-001  8.8894750e-001
  1.3029488e+000  2.5054150e+000
 -3.3495410e-002 -4.4558835e-001
  1.2037275e+000  1.8826371e+000
  4.4088060e+000  6.1795725e+000
  9.2748635e-001  2.6897606e+000
  3.7746843e-001 -3.6020524e-001
  1.8046022e+000  4.9395159e+000
  2.7319264e-001  3.2604576e+000
  3.7856361e-001  3.6572782e+000
  7.5328344e-001  2.3829234e+000
  8.7044437e-001  3.6771046e+000
  1.2194647e+000  3.1158596e+000
  1.4986520e+000  3.4086789e+000
  1.1020590e+000  1.9668439e+000
  9.4225423e-002  5.9971044e-001
  6.6558151e-001 -7.7050863e-001
  7.1428949e-001  1.5470796e+000
  6.9898851e-001  5.7085733e-001
  2.3820376e+000  1.7670685e+000
  3.3820188e+000  3.2473344e+000
  3.9229205e-001  2.2724978e+000
  1.0728247e+000 -4.5370791e-001
  1.4326909e+000  2.6784633e+000
  2.3386660e+000  2.4834518e+000
  1.1883720e+000 -1.0213663e+000
  8.5249254e-001 -2.6001210e+000
  1.4440519e+000  3.9944022e+000
 -3.3259714e-001  1.2912262e-001
  1.2455422e+000  3.4102860e+000
  5.8227518e-001  2.1714708e+000
 -6.9739557e-001 -3.6859632e-001
  3.8521827e-001  3.0122449e+000
  7.0491566e-001  3.2645590e+000
  8.9897160e-001  2.2120766e+000
  3.7672183e-001  3.3227214e+000
  1.6754007e+000  3.2374256e+000
  1.1605316e+000  3.4846298e+000
 -2.6809264e-001 -1.1345045e+000
 -3.5663911e-001  2.8848634e+000
  1.8355920e+000 -5.2511259e-001
  1.6363666e+000  1.6130755e+000
  2.0191245e-001  2.4824401e+000
  1.8246367e-003  3.5836455e-001
  7.4455438e-001  2.6496597e+000
  8.7392575e-001  2.9378430e+000
  1.0639740e+000  8.8995709e-001
  2.5007614e+000  4.6346033e+000
  2.4298370e+000  3.6323332e+000
  2.7107580e-001  1.4961297e+000
  1.7707057e+000  4.3195314e+000
  1.9038386e+000  2.3920100e+000
  1.8726247e+000  8.3801845e-001
  1.6304573e+000  3.6192362e+000
  1.4546102e+000  3.7154773e+000
  6.5849823e-001  2.7695922e-001
  3.5057326e-001  4.1483244e+000
  1.2807443e+000  1.7276301e-001
  1.6357858e+000  9.2721259e-001
  1.6602162e+000  3.5113147e+000
 -4.9164944e-001 -3.1652502e+000
  5.5124593e-001 -7.9352266e-001
  1.4652837e+000  1.6659595e+000
  9.9527206e-001  4.1549724e+000
  6.3705993e-001  4.2532089e+000
  7.6750875e-001  2.8966537e-001
  1.0856292e-001  5.1715579e-002
  2.0710673e+000  3.5535118e+000
  7.5022496e-001  3.5678337e+000
 -9.3404929e-002  5.8354331e+000
  1.1547398e+000  2.7418757e+000
  2.8130967e-002  2.7033124e+000
  1.2121049e+000  1.3883637e+000
  7.9928940e-001  2.6975242e-002
  1.8773413e+000  2.9444500e+000
 -3.7252366e-001  1.3866106e+000
  8.8272644e-001  4.3108109e-001
  1.2422750e+000  4.3446048e+000
  2.1623331e-001  3.9757976e+000
  9.9412609e-001  2.7336144e+000
  1.5465930e+000  4.9657114e+000
 -1.4936510e-001  1.0550239e-001
  1.5124984e+000 -5.1832489e-002
  2.3587148e+000  7.2402704e-001
  1.0359632e+000  2.7743003e+000
 -8.0492844e-001 -7.8090338e-002
  6.2540800e-001  2.5177171e+000
  2.6734869e+000  5.3196523e+000
  2.5335769e-001  2.3947681e+000
  2.0276640e+000  3.9309040e+000
  6.4410744e-001 -1.3954287e+000
  1.9701550e-001  3.9492391e-001
  1.0548759e+000  1.6334470e+000
  6.6902105e-001  4.5675952e+000
  1.7944236e+000  2.9817289e+000
  6.7368324e-001 -1.1452549e+000
 -4.2453275e-001  3.8735302e+000
  5.8159063e-001  2.5731073e+000
 -1.9259144e-001  1.0748079e+000
  2.5615359e+000  2.3635338e+000
  1.6827082e+000  4.7657265e+000
  1.5567099e+000  8.9771584e-001
  2.0584190e+000  6.8641473e+000
  1.0519245e+000  1.7082262e+000
  6.2615099e-001 -7.9717288e-002
 -1.1027586e+000 -2.1624730e+000
  2.3607168e+000  2.5148214e+000
  5.8899833e-001  1.7600714e+000
  1.4392793e+000  1.6523639e+000
  9.5249733e-001  6.5698082e-001
  1.4539125e+000  3.4035421e+000
  7.7838270e-001  4.0574563e-001
  3.2073710e-001  1.9629897e+000
  1.6846098e+000  2.0608627e+000
  2.4282970e+000  4.3057687e+000
 -2.5860610e-001 -1.8642932e+000
  2.6961526e+000  5.1166970e+000
  2.8878205e+000  1.6214456e+000
  1.7454516e+000  1.0360909e+000
  1.9770953e+000  4.6377465e+000
  1.0299640e-001  4.4447203e+000
  1.7373423e+000  1.8180377e+000
  1.3938829e+000  2.7031632e+000
  2.3086688e+000  8.5148369e-001
  2.1075902e+000 -6.5995752e-002
  9.8031013e-001  4.1368694e+000
  1.5861342e+000  3.8421048e+000
  1.7248452e+000  2.5164897e+000
  1.3413491e-001  3.5857292e-001
  1.7901045e+000  3.5503224e-001
  8.5330750e-001  8.6152947e-001
  1.0684175e+000  4.7949209e+000
  1.9322358e+000  2.3061886e+000
  1.4949800e+000  3.4400276e+000
  2.2783307e+000  3.1957437e+000
  3.8000032e-001 -9.4429724e-001
  4.7006865e-001 -1.5606841e+000
  6.4985101e-001  3.6460632e+000
  8.0881726e-001  2.2552500e+000
