  5.8472210e+000 -6.6427086e+000
  2.8502369e+000 -1.1113879e+000
  3.6511049e+000 -2.7637684e+000
  3.1469103e+000  1.2013283e+000
  2.3520254e+000  1.5653656e-001
  2.1835202e+000  4.1112292e-001
  1.9939220e+000 -8.8163376e-001
  4.0124593e+000 -3.4491592e+000
  2.4418057e+000 -3.9548188e-002
  2.0308441e+000 -1.0280110e+000
  2.8251589e+000  1.6924554e+000
  2.3230657e+000 -1.1318666e+000
  2.8865288e+000 -2.3672646e+000
  1.1321402e+000  9.3957461e-002
  1.8039931e+000  1.9401405e+000
  3.0608698e+000 -2.0880208e+000
  2.2270516e+000 -5.5669458e-001
  2.3552601e+000 -3.1933831e+000
  4.8484658e+000 -2.2549470e+000
  4.2822464e+000 -2.7280607e+000
  2.7766185e+000 -1.6442334e+000
  1.7959117e+000  2.2824122e-001
  2.0577927e+000 -1.9662999e-001
  5.2141222e+000 -2.7759446e+000
  2.8691005e+000  4.6172825e+000
  3.2681290e+000  7.0418580e-001
  3.0290808e+000  2.0740671e+000
  4.1303473e+000  1.1505170e+000
  2.2302494e+000 -9.1119849e-001
  2.2601829e+000 -1.3008421e+000
  1.2116486e+000 -2.6289793e+000
  1.4726017e+000 -1.5657716e+000
  3.2694702e+000 -1.7394505e+000
  2.9122280e+000 -1.0987712e+000
  3.7694583e+000 -1.0193227e+000
  2.4869476e+000 -3.0766265e-001
  3.4565109e+000 -3.5527195e+000
  3.7492948e+000 -2.2049663e+000
  4.9267031e+000  6.4498483e-001
  2.9136371e+000 -1.4858857e+000
  2.8158941e+000 -2.5454360e+000
  3.0882298e+000 -1.5390450e+000
  3.0742069e+000 -4.4201363e-001
  2.8291032e+000 -1.5766361e+000
  4.8750257e+000 -3.2866578e+000
  4.2386200e+000 -2.6239769e+000
  2.4811269e+000  1.6051254e+000
  3.8276105e+000 -1.1362075e-001
  4.2439834e+000 -3.3786688e+000
  2.0666564e+000 -1.6291080e+000
  1.9274706e+000 -3.3517743e+000
  2.6545899e+000  1.3553727e+000
  3.2300473e+000 -1.3823049e+000
  3.1195089e+000 -1.5422810e+000
  2.8962611e+000 -5.8668252e-001
  3.1963574e+000 -3.5552008e+000
  2.0464102e+000 -1.9369123e+000
  2.1207380e+000  4.2042804e-002
  3.3468694e+000 -1.8703428e+000
  2.8015413e+000 -4.6349535e+000
  2.5842962e+000 -2.0915348e+000
  1.2869868e+000  8.5848815e-001
  3.2099355e+000  8.0734570e-001
  3.3804125e+000 -1.1411456e+000
  1.6073109e+000  3.8173380e-001
  2.7989603e+000 -1.7247789e+000
  2.9739715e+000 -5.9194074e-001
  3.8108396e+000 -6.4837863e-001
  2.2595015e+000 -2.0731829e+000
  2.3594746e+000  1.4548702e+000
  2.1847673e+000 -3.4133130e+000
  1.2194586e+000  3.3989086e-001
  3.0645962e+000 -1.4785255e+000
  3.3124552e+000  1.7891250e+000
  2.1963383e+000 -9.3466688e-001
  2.0457418e+000  5.7259075e+000
  1.8200749e+000 -5.6048207e-001
  2.8022021e+000 -2.1644271e+000
  4.0656458e+000  2.4476405e+000
  1.7187242e-001  1.2283649e+000
  7.3298416e-001  3.4059578e-001
  4.0387089e+000 -1.5619868e+000
  2.2815354e+000 -2.2754253e+000
  2.9359066e+000 -3.6443190e+000
  4.1782348e+000 -3.1325986e+000
  4.5232771e+000 -2.0893044e+000
  3.0302593e+000  1.0856396e+000
  3.6574383e+000  7.1303670e-001
  3.1886826e+000 -2.6033796e-001
  3.4732928e+000  8.3646040e-001
  2.6303147e+000  4.1439018e+000
  1.4935024e+000  1.4098544e+000
  3.5686781e+000  3.2701148e-001
  3.6254524e+000 -2.0564832e+000
  2.5972523e+000  1.5392064e+000
  2.4311359e+000 -2.6280010e+000
  1.5457811e+000 -4.4785710e-001
  2.4631559e+000 -2.1578828e+000
  2.4015514e+000 -1.5535182e+000
  2.6230488e+000  2.9848951e+000
  4.6485260e+000 -2.6971839e+000
  3.3534563e+000 -2.0704951e+000
  2.5969985e+000  1.2355842e+000
  3.2977701e+000 -1.8212270e+000
  3.2926127e+000 -6.4012776e-001
  4.1639393e+000 -9.0842961e-001
  3.8662686e+000 -3.2961920e+000
  3.9947308e+000 -2.4510267e+000
  3.1638689e+000  2.4252203e+000
  3.3647190e+000 -1.0377375e+000
  4.0616928e+000 -1.6910559e-001
  3.0888252e+000  1.2917044e+000
  1.4397441e+000  1.3171721e+000
  3.1708767e+000 -9.0393394e-001
  2.0583433e+000  2.1288484e+000
  2.9248826e+000 -3.2722788e+000
  2.5178007e+000  1.6235884e+000
  2.3081427e+000 -4.3474633e+000
  4.1330263e+000 -4.2481373e+000
  2.6163356e+000 -1.4855665e+000
  2.9997585e+000 -1.1581231e+000
  3.0724931e+000 -4.0800826e+000
  1.5702383e+000  1.5831194e+000
  4.1679316e+000 -2.0757147e+000
  2.8526963e+000 -2.9138471e+000
  3.8010710e+000 -3.8489788e+000
  3.2714759e+000 -2.9981682e+000
  4.1291275e+000 -3.4534233e+000
  2.2584267e+000 -6.4130906e-001
  1.2810251e+000  2.7493813e-001
  2.4859004e+000 -1.6748467e+000
  2.3608731e+000 -6.4560334e-001
  1.7854060e+000 -1.2288239e+000
  4.1407582e+000 -1.5851498e+000
  3.9381954e+000  1.1193526e+000
  3.8236660e+000 -6.3115700e-002
  1.1832391e+000 -3.0493049e-001
  1.2654292e+000  6.5729471e-001
  4.5575451e+000 -2.5419395e+000
  3.0811676e+000 -1.8566365e+000
  3.5236054e+000 -2.0000353e+000
  2.6571867e+000  1.3339867e+000
  1.2853243e+000 -6.3943874e-001
  2.9440567e+000 -6.0260074e-001
  2.7340753e+000  3.5453665e-001
  5.6818212e+000 -5.0599346e+000
  1.8452675e+000 -2.8674998e+000
  2.6166490e+000  7.3369590e-001
  2.0335227e+000  4.8808720e-001
  4.9833773e+000 -3.5757954e+000
  3.7068242e+000  5.2826302e-001
  1.7826386e+000  5.6077455e-001
  3.3216088e+000 -2.0119986e+000
  1.7112688e+000 -7.8610704e-001
  2.6808054e+000 -1.6742887e+000
  6.0379483e+000 -5.4564913e+000
  3.3382091e+000  3.7879207e+000
  1.9230530e+000 -4.3470357e+000
  3.2357430e+000 -6.8267453e-001
  2.3269658e+000 -4.5110165e-001
  1.9780328e+000 -2.5555918e+000
  2.0704822e+000 -5.2625070e-001
  3.1163317e+000 -3.7092230e-001
  3.7749442e+000  2.8076486e-001
  2.9276236e+000 -7.3324176e-001
  1.7069819e+000  1.1110942e+000
  2.2386187e+000  2.8523632e+000
  4.7726471e+000 -2.6196936e+000
  2.3440632e+000 -1.5358401e+000
  2.5451163e+000 -3.2815125e+000
  4.2557690e+000 -4.3259107e-001
  1.6716723e+000 -8.7964523e-001
  3.7052283e+000  1.0690282e+000
  2.5630364e+000 -5.1681765e-001
  2.2753697e+000 -6.6916574e-001
  3.9643525e+000 -2.8138189e+000
  3.1407024e+000 -2.0661944e+000
  3.3301407e+000 -3.5992266e+000
  3.3364623e+000 -1.5956318e-001
  3.2166289e+000 -1.9501536e+000
  2.1447663e+000  8.6680970e-001
  1.8414550e+000 -3.1994739e+000
  3.5237148e+000 -7.8188388e-001
  2.4562790e+000 -2.2555965e+000
  4.6756511e+000 -5.2331641e+000
  2.7036741e+000 -1.1974793e+000
  3.3809587e+000 -1.6634255e-001
  4.8774854e+000 -5.9411830e-001
  2.9536551e+000  1.3166304e+000
  3.3564559e+000 -1.9847242e+000
  2.8078099e+000 -2.6195936e+000
  4.5311768e+000  3.3817328e+000
  3.2557077e+000 -2.2202535e+000
  4.1643939e+000 -3.2337122e+000
  2.6414123e+000  1.6395123e-001
  1.3873231e+000 -1.6945530e+000
  2.9695428e+000 -2.2070692e+000
  4.2026201e+000 -4.7813337e+000
  3.7552429e+000 -1.9727053e+000
  2.7757611e+000 -2.8987490e+000
  2.9970223e+000 -2.8001006e-001
  2.0686263e+000  9.3092356e-002
  3.7030018e+000 -2.8889957e+000
  2.1882901e+000 -1.0587170e+000
  3.3321976e+000 -2.3196111e+000
  1.8672906e+000  2.1755037e-001
  3.0885277e+000 -2.2798935e+000
  4.5797170e+000 -1.7634720e+000
  3.1210392e+000 -2.6614104e+000
  3.4086789e+000 -2.4504088e-001
  2.7281023e+000 -1.0872694e+000
  1.7398988e+000 -3.7680262e+000
  4.2883531e+000 -1.6788650e+000
  4.4912539e+000 -4.5045017e-001
  3.3468580e+000  1.0534596e+000
  3.3840047e+000 -8.8455320e-001
  3.3263502e+000  1.4640703e+000
  1.6075599e+000  1.3885919e+000
  3.1328700e+000  2.7731552e+000
  3.7277219e+000 -1.0923749e+000
  1.7680072e+000  8.6911899e-001
  4.0985511e+000 -1.0757972e+000
  2.1301538e+000  7.2300081e-001
  2.8978952e+000  6.1349756e-001
  2.1330129e+000  1.6562510e+000
  2.6718644e+000 -2.5525899e+000
  3.9634184e+000 -4.1530439e+000
  2.0958930e+000  2.1831035e+000
  3.4270671e+000  4.3783506e-001
  2.8009724e+000 -2.3984783e+000
  3.2144576e+000 -1.2620956e+000
  2.5809918e+000  2.7395988e+000
  4.2165423e+000 -4.1012127e+000
  4.5228154e+000 -1.6124420e+000
  3.0622112e+000 -3.5983269e+000
  1.0698387e+000  8.6304560e-001
  3.0623058e+000 -4.8328908e-001
  4.3750287e+000 -2.4351813e+000
  3.1577501e+000  6.0946343e-001
  2.6368642e+000 -9.6011492e-001
  2.8988875e+000  1.2663066e+000
 -5.7338185e-004  3.4194107e+000
  2.7796258e+000 -1.3309835e+000
  2.5353757e+000 -1.4859566e-001
  2.6101153e+000 -3.0036582e-001
  2.9368598e+000  8.3118797e-001
  1.6144186e+000  2.4000466e+000
  1.4144773e+000  1.7305566e+000
  3.5927236e+000 -1.4230378e+000
  2.3061259e+000 -2.0770416e+000
  2.5126381e+000 -2.9737186e+000
  3.7085688e+000  4.5878577e-001
  2.6811561e+000  2.9315832e+000
  3.7007380e+000 -1.0613111e+000
  3.2355505e+000 -1.3140916e+000
  2.6932719e+000  9.6945445e-001
  2.8854585e+000 -3.9996157e+000
  2.0105094e+000 -6.8527927e-001
  3.6202598e+000 -5.1721086e+000
  4.0164381e+000 -1.0253927e+000
  3.6951563e+000 -1.5022805e+000
  3.3738192e+000 -6.9387791e-001
  2.2998015e+000 -1.2266347e+000
  1.3450828e+000 -3.1056852e+000
  2.4873797e+000  1.2397691e+000
  4.2434616e+000 -3.1973456e+000
  3.6193690e+000 -1.1647055e+000
  2.5671258e+000  1.0969010e+000
  2.0307155e+000  8.3025474e-001
  1.9512991e+000 -1.6815015e+000
  2.0956279e+000 -7.5394204e-001
  2.7458436e+000 -1.1935931e+000
  2.6098401e+000  1.1365368e+000
  2.1891656e+000  2.0163242e+000
  1.8954275e+000 -2.0692910e+000
  2.9305556e+000 -2.8131053e+000
  3.2119624e+000 -9.2873745e-001
  2.8209152e+000 -8.5893873e-001
  1.1558943e+000  8.4591270e-001
  1.3529568e+000 -1.6116646e+000
  3.4121393e+000 -3.7955594e+000
  2.6343216e+000 -8.5277803e-001
  1.8791996e+000  2.1725793e+000
  5.3982903e+000 -1.7534278e+000
  4.0976013e+000 -2.0958156e+000
  3.6279193e+000 -2.2072494e+000
  2.9833098e+000 -3.0512306e+000
  2.8575831e+000  7.7068804e-001
  5.0988228e+000 -1.1048188e+000
  2.0715007e+000 -5.6190910e-001
  3.8330535e+000 -9.5262235e-001
  3.5244725e+000 -9.1738374e-001
  3.6088425e+000  2.2039939e-001
  2.9131705e+000  2.0910115e+000
  4.8033795e+000 -5.6808341e+000
  4.0929377e+000 -2.4397205e+000
  1.4739140e+000  7.2610112e-002
  3.3166171e+000 -3.6024917e+000
  3.5807057e+000 -1.9987926e+000
  2.8261063e+000  6.3532350e-001
  3.1887217e+000 -2.5450889e+000
  4.3042173e+000 -5.9096433e+000
  3.2242137e+000 -3.0551179e+000
  4.7001948e+000 -1.8311243e+000
  2.0951745e+000 -1.6784144e+000
  2.5391751e+000  1.1123784e+000
  2.7363460e+000 -1.8155270e+000
  3.4729218e+000 -9.5257289e-001
  3.4129172e+000 -2.4275614e+000
  3.9386907e+000 -5.8856996e-001
  3.6034638e+000 -4.4991592e+000
  3.3232289e+000  1.7616887e+000
  3.6997938e+000 -1.9621269e+000
  4.3404778e+000 -2.3261445e+000
  3.8126059e+000 -4.2729336e+000
  1.3671439e+000  3.0328882e-001
  2.1232800e+000 -4.2793337e-001
  1.0724408e+000 -1.6754531e+000
  4.8855027e+000 -1.4111113e+000
  2.6633987e+000  2.9710294e+000
  2.9163644e+000  1.2571700e+000
  1.2244744e+000  3.0464293e-001
  2.2266773e+000  6.4468530e-001
  3.9472970e+000 -1.3637334e+000
  1.9230965e+000  6.3513238e-001
  4.7488224e+000 -6.1964190e+000
  1.5138403e+000 -1.4784782e+000
  1.7595325e+000 -5.3054379e-001
  3.4299350e+000 -1.7750149e-001
  1.4783975e+000  8.8859866e-001
  5.2810558e-001  7.8974580e-001
  3.4996318e+000 -5.3723190e+000
  1.8007918e+000 -2.6623650e+000
  2.4957605e+000  1.8662383e+000
  2.5144647e+000 -3.5852698e-001
  4.2388922e+000 -1.9590373e+000
  3.1530416e+000 -1.7429056e+000
  3.0565799e+000  4.2986517e+000
  3.1829734e+000 -2.4055508e+000
  9.4696746e-001  3.8146889e-001
  2.3872084e+000  4.7779999e-001
  3.0649052e+000  1.3827494e+000
  2.6217338e+000 -9.3758764e-001
  2.2977885e+000  1.3400510e+000
  3.1146933e+000  7.3865667e-001
  4.7437058e-001  1.5023165e+000
  9.0216168e-001 -1.7382771e+000
  2.7669621e+000  6.6471472e-001
  1.2230280e+000  6.1284360e-001
  2.3838027e+000  2.3464395e+000
  2.4991740e+000 -2.1423582e+000
  2.6561179e+000 -7.3128011e-001
  3.2801006e+000 -2.1498770e+000
  3.0707892e+000 -4.4387976e+000
  3.8028530e+000 -3.5715964e+000
  2.8390984e+000 -4.4692173e+000
  4.0865721e+000  1.2411514e+000
  3.8179811e+000 -1.2096116e+000
  3.2164197e+000 -6.8373336e-002
  4.9377398e+000 -2.1711728e+000
  2.9012053e+000  1.1380012e+000
  3.4940565e+000  1.3905127e+000
  3.1154790e+000 -1.8368598e+000
  4.3181348e+000 -3.8255197e+000
  1.7018786e+000  2.0709942e+000
  2.1006861e+000  3.8497844e+000
  2.6875326e+000 -1.1530800e+000
  2.8675810e+000 -2.2891532e+000
  2.8137118e+000 -2.3785425e-001
  2.5072771e+000 -2.3364074e+000
  2.1463788e+000 -1.7466216e+000
  1.4726151e+000  1.4655233e+000
  1.3778598e+000 -1.0548987e-001
  3.7802145e+000 -6.5514381e-001
  9.0701056e-001 -2.4910235e-001
  3.3069934e+000 -1.6883827e-001
  3.0680695e+000 -4.2380079e-001
  3.4623719e+000 -4.1753997e-001
  1.9271132e+000  2.0161480e+000
  3.2400646e+000  4.1224621e-001
  3.0072116e+000 -3.8360587e+000
  3.8233293e+000  1.6936645e+000
  2.3950730e+000 -2.7987996e+000
  4.8606442e+000 -5.7293425e+000
  4.0702114e+000 -9.7990705e-002
  3.1868949e+000 -2.5841806e+000
  3.0283628e+000 -4.5043121e+000
  2.0533258e+000 -3.2199606e-001
  3.6079924e+000  1.8927726e+000
  3.5458086e+000  2.0896283e-001
  3.8518152e+000 -4.0749978e-001
  2.9820863e+000 -2.9479591e+000
  3.9076103e+000 -3.2070292e+000
  2.3916938e+000  1.1814607e+000
  1.4380195e+000  2.6861325e+000
  1.9809831e+000  1.8611060e+000
  4.4791723e+000 -1.1610136e+000
  3.6460142e+000 -3.3908936e+000
  1.7515357e+000 -3.4110046e-001
  2.7533315e+000  1.4604689e+000
  3.3378161e+000  1.3253014e+000
  2.7315530e+000 -4.3914075e-002
  4.5739720e+000 -2.0502213e+000
  2.9500655e+000 -3.1590356e-001
  2.6809752e+000 -1.6035379e+000
  2.4414376e+000  1.0344153e+000
  2.5608806e+000 -2.1677497e-001
  2.8844692e+000 -2.4093627e-002
  9.5614504e-001  3.8069747e-001
  3.8655467e+000 -1.0869983e+000
  2.8325019e+000 -1.9836875e+000
  4.6443519e+000  6.6284998e-001
  4.1334502e+000 -2.3994142e+000
  1.8366053e+000  1.2494916e+000
  3.5619557e+000 -5.0118393e+000
  1.9286686e+000  1.7054765e+000
  1.9617569e+000 -8.2260126e-001
  2.6400289e+000  4.4894631e-001
  1.5341043e+000 -5.8973480e-001
  1.8595024e+000  1.1874241e+000
  3.1484635e+000 -2.0773520e+000
  1.7032735e+000 -7.3286863e-001
  1.4129927e+000 -1.4842665e+000
  4.4176433e+000 -4.8750252e+000
  4.0392455e+000 -1.0319294e+000
  4.1342050e+000  1.4500263e-001
  3.5277710e+000 -1.1136901e+000
  2.9292586e+000 -2.1352063e+000
  4.3204856e+000 -4.1464037e+000
  4.6701900e+000 -4.1164119e+000
  2.4828868e+000  2.6986104e+000
  5.0304408e+000 -2.4255965e+000
  1.3341939e+000 -1.6385494e+000
  1.4052566e+000 -1.7671965e+000
  2.4151585e+000 -1.8867734e+000
  2.4777656e+000 -9.6780490e-001
  3.5103554e+000  2.3366769e+000
  3.7161143e+000 -1.4794155e+000
  2.2898166e+000 -2.7079676e+000
  3.9511205e+000 -3.0821896e+000
  3.6979765e+000 -3.3573566e+000
  1.5461901e+000  2.6587638e+000
  3.5854959e+000  2.2627346e+000
  4.0772378e+000  1.0046560e+000
  1.9817385e+000 -8.0037505e-001
  2.4466727e+000  1.6932195e+000
  3.9987100e+000 -1.8633558e+000
  5.1957958e+000 -2.9787841e+000
  2.6530335e+000 -2.7008279e+000
  2.6757965e+000 -1.1782743e+000
  3.5293762e+000 -2.8402965e+000
  2.7424940e+000 -1.2035413e+000
  2.1396537e+000 -1.4648416e+000
  1.7510263e+000 -6.0013304e-001
  1.3408285e+000 -2.5604828e+000
  4.8749013e+000 -1.5072655e+000
  3.4124790e+000 -3.6612673e+000
  3.3150763e+000 -6.1632233e-001
  3.3374126e+000 -2.3976994e+000
  2.2043422e+000 -1.8998903e+000
  3.5346112e+000 -4.8153873e+000
  4.1919352e+000 -2.4981832e+000
  1.3716586e+000  1.9950817e+000
  3.3627082e+000  1.8016477e+000
  3.1653583e+000 -1.2909221e-001
  3.3011788e+000 -3.5585737e+000
  2.9892782e+000 -1.3756100e+000
  3.3964711e+000  7.1711583e-001
  1.8953370e+000  8.2161328e-001
  3.4994652e+000 -2.5277716e+000
  3.1945170e+000 -7.2257592e-001
  2.6431199e+000  9.5164439e-001
  3.4885472e+000 -2.0839682e+000
  2.4690693e+000 -1.9362459e+000
  2.5260745e+000 -2.0874211e+000
  3.4532668e+000 -4.0464336e-001
  2.5652353e+000  2.6517985e-001
  1.4496068e+000 -6.4205260e-001
  1.3960972e+000 -2.4831940e+000
  2.2131758e+000 -1.6219121e-001
  4.8678759e+000 -2.9790852e+000
  5.2972230e+000 -2.6822862e+000
  2.9331473e+000  1.6662737e+000
  1.4447827e+000  8.0543803e-001
  3.0050223e+000 -2.5246369e+000
  3.6899705e+000  2.3834971e+000
  5.5733311e+000 -4.2877580e+000
  4.7257476e+000 -3.2795769e+000
  2.5992162e+000  3.3659717e-001
  1.8021370e+000 -2.5469048e+000
  2.5068832e+000 -3.4828969e-001
  1.8674472e+000 -1.6644885e-001
  4.3293019e+000  1.7175858e+000
  2.5763869e+000  1.6332110e+000
  2.8215851e+000 -1.3189804e-001
  2.1253176e+000 -2.2928867e+000
  3.6596062e+000 -5.7336730e-001
  2.0770373e+000 -9.1528790e-001
  3.7263098e+000 -2.5456876e+000
  2.0023698e+000 -3.6104245e+000
  3.2786618e+000 -5.4216323e+000
  2.5159116e+000  2.3465307e-002
  3.7390222e+000 -7.6578366e-001
  2.2699661e+000 -1.1088925e+000
  2.2767244e+000  7.4238193e-001
  1.9967288e+000  3.8319148e-001
  2.8706909e+000 -3.4381494e+000
  2.5007611e+000 -2.8524568e+000
  2.4453670e+000  1.6017023e+000
  3.9335142e+000 -9.0701196e-001
  4.2934197e+000 -2.6178527e+000
  2.6488906e+000 -2.6362461e+000
  4.9127470e+000 -2.0559770e+000
  3.8475398e+000 -1.2278932e+000
  4.7299247e+000 -5.7789219e+000
  1.9933049e+000  1.5339197e+000
  2.4957138e+000 -4.8456091e-001
  3.9360534e+000 -1.1358462e+000
  3.6677612e+000 -3.9555040e+000
  4.3481068e+000  9.4094413e-001
  3.3414555e+000  2.5914741e-001
  3.3632662e+000 -2.8047024e+000
  2.6807895e+000 -1.1187320e+000
  2.4511726e+000 -1.6903405e+000
  3.6448373e+000 -7.5283572e-001
  3.1873047e+000  3.2974945e-001
  2.9637944e+000 -2.9546448e-001
  3.5014155e+000 -5.3382465e-001
  2.2479910e+000  5.8379290e-001
  1.9924843e+000 -2.1746427e+000
  3.6616864e+000 -2.2267413e-001
  3.2849790e+000 -2.8259346e+000
  1.2412275e+000  1.5349974e+000
  2.2543530e+000 -2.4094609e+000
  9.9892148e-001  2.6170323e+000
  3.6848057e+000 -7.7764755e-001
  3.4665023e+000  7.9433138e-002
  3.1529700e+000 -2.3597522e+000
  3.4844741e+000  5.0850905e-002
  2.3325304e+000 -1.8454851e+000
  2.5246483e+000 -1.3036314e+000
  3.0492255e+000 -1.5355608e+000
  4.0712371e+000 -9.1986607e-001
  3.5491846e+000  9.0645380e-001
  2.9452381e+000 -1.3853758e+000
  4.1217776e+000 -2.2760864e+000
  2.9537220e+000 -3.9776569e-001
  2.4078038e+000 -1.7594279e+000
  3.9074399e+000  9.4109883e-001
  3.3152369e+000  6.8080881e-001
  1.9003042e+000  1.6071401e+000
  1.9069977e+000 -9.7572335e-001
  2.2683324e+000 -3.3185948e+000
  3.9039412e+000 -3.3080521e+000
  3.6023079e+000 -7.0167087e-001
  3.0555519e+000 -2.2135097e+000
  2.8212528e+000 -2.8714221e-001
  3.1928180e+000 -2.3910129e+000
  4.3504385e+000 -1.7105137e+000
  3.7530698e+000 -1.9444443e+000
  2.4635932e+000  1.5093042e-001
  2.8158749e+000 -3.9076791e+000
  3.5350919e+000  9.8657431e-001
  2.6215084e+000 -1.0609480e+000
  4.1253087e+000 -1.1955986e+000
  3.3517288e+000  2.1265413e+000
  4.4346317e+000 -2.1276546e+000
  2.7613576e+000  1.2921547e+000
  2.5964734e+000 -1.2782076e+000
  4.9988571e+000 -7.1819007e-001
  1.4250908e+000  1.1127646e+000
  2.2496896e+000 -3.8384180e-001
  3.8356644e+000 -2.1896590e+000
  4.2987574e+000 -1.0238112e+000
  1.8280252e+000 -1.7798899e+000
  3.8174762e+000 -3.3310619e+000
  3.8049088e+000  1.5334043e-001
  4.3297684e+000 -8.5749644e-001
  3.7728849e+000 -5.7798142e-001
  3.3571599e+000 -1.9992712e+000
  2.1924586e+000 -3.3437882e-001
  4.3036191e+000 -4.7242796e+000
  3.7385808e+000 -3.9828375e+000
  2.0734097e+000  5.0105697e-001
  3.6437505e+000 -3.4820318e+000
  2.2609446e+000 -1.5815350e-001
  1.6767670e+000 -2.7975974e+000
  2.5634075e+000 -1.4690755e+000
  3.0502376e+000 -2.7608559e+000
  4.1833663e+000 -9.2692687e-001
  2.7797816e+000 -8.0659654e-001
  3.1220527e+000 -5.9842428e-001
  3.3487407e+000 -3.3797094e+000
  1.8319477e+000 -2.2437734e+000
  2.7046468e+000 -3.0692991e+000
  2.6672232e+000  1.2290870e+000
  2.2780278e+000  6.8285134e-001
  1.8069926e+000  2.9872453e-001
  1.8928312e+000 -1.5603197e+000
  2.6622389e+000 -2.7016162e+000
  2.3485103e+000  1.3382804e+000
  4.4599507e+000 -1.2573854e+000
  2.2843799e+000 -2.4400203e+000
  3.0260820e+000  2.0010304e+000
  2.6265135e+000 -3.9347927e+000
  4.5871681e+000 -1.6731027e+000
  4.4439181e+000 -9.1806436e-001
  2.4393952e+000 -2.7031941e-001
  3.7211767e+000 -3.3454548e+000
  2.3555065e+000 -2.0065324e-002
  3.9164618e+000 -2.1214778e+000
  5.1633414e+000 -2.3604680e+000
  2.6467199e+000 -1.2948361e+000
  2.2179265e+000  5.6731914e-001
  1.7918903e+000 -9.5279288e-001
  4.1413465e+000 -4.2947309e+000
  3.5696741e+000  2.1161285e-001
  3.8436299e+000  1.1543853e-001
  2.7667664e+000  7.2476253e-001
  2.0979993e+000 -3.2154501e+000
  2.4111333e+000  2.8098261e-001
  2.3810672e+000 -2.4943836e+000
  2.1143143e+000  1.3456373e+000
  3.0133955e+000  7.2290225e-001
  2.7174686e+000  1.0852051e+000
  4.1015644e+000  1.4507153e+000
  2.5060310e+000 -3.2201375e+000
  3.8024952e+000 -9.3265094e-001
  1.9920338e+000  2.6990321e+000
  4.9220602e+000 -2.4792813e+000
  3.1681288e+000 -1.0844616e+000
  2.9738143e+000 -2.2642671e+000
  2.5953445e+000  1.3569195e+000
  2.4631503e+000 -8.3190235e-002
  2.5142653e+000  1.6098481e+000
  2.6464273e+000 -2.6094389e+000
  4.2911640e+000 -3.5558145e+000
  3.5352676e+000 -1.3509951e+000
  3.0082747e+000 -6.5147084e-001
  1.9933036e+000 -1.9338154e+000
  1.3027419e+000  1.0352484e+000
  4.8162178e+000 -2.9628424e+000
  2.8547623e+000  1.4475351e+000
  2.8603723e+000 -7.8681541e-001
  1.8681473e+000  3.8801934e-001
  3.6126209e+000 -3.1304984e+000
  2.0938631e+000 -3.3454440e+000
  3.8844360e+000 -5.9686119e+000
  6.3991497e-001  4.5710226e+000
  3.4208889e+000 -2.4515937e-001
  3.1834548e+000  1.5766633e+000
  3.5008082e+000 -1.6697311e+000
  2.6698141e+000 -3.5986661e+000
  5.8644441e-001 -1.1551800e+000
  2.0371581e+000 -2.3961564e+000
  5.7150485e+000 -7.5794125e+000
  3.9784782e+000 -5.2634022e-001
  2.2005655e+000 -2.1045582e+000
  3.4839876e+000 -8.4265837e-001
  3.4652378e+000 -1.1063085e+000
  5.3267813e-001 -2.4997139e-001
  2.6804450e+000  1.5817585e+000
  9.7085129e-001  1.1942569e+000
  4.1620256e+000 -4.7361567e+000
  3.9491196e+000 -1.9192887e+000
  4.4856515e+000 -1.6449057e+000
  5.0440262e+000 -3.5553317e+000
  3.0800267e+000 -4.5025313e-001
  2.4722653e+000  1.7560809e+000
  3.2960498e+000 -4.2369508e-001
  3.2199846e+000  8.4679079e-001
  2.8335597e+000  2.6549100e+000
  2.8191228e+000  2.1931081e+000
  1.9793597e+000  4.6049975e-001
  3.0457184e+000  1.9523197e+000
  1.6497485e+000 -2.7357580e+000
  3.2640886e+000 -1.1392527e+000
  3.6187350e+000 -3.3895518e-001
  3.6701802e+000 -9.1217338e-001
  3.8992304e+000 -2.2176052e+000
  3.5290520e+000 -5.2849498e+000
  3.8804517e+000 -1.6374339e+000
  2.9870573e+000 -3.2806027e+000
  2.6167358e+000 -1.8269066e+000
  4.3958087e+000 -5.9305032e-001
  1.1553198e+000 -1.0823742e+000
  1.8910760e+000  1.4325215e+000
  2.2032699e+000 -1.7708275e+000
  3.5866655e+000  2.0985096e+000
  1.6301946e+000  2.0165875e+000
  2.9557980e+000 -3.0071839e+000
  3.5017795e+000 -4.3400771e-002
  2.6655476e+000  3.4278599e+000
  3.6756598e+000 -6.3959468e+000
  3.6366189e+000 -2.4023981e+000
  5.3866861e+000 -5.2564430e+000
  1.5908390e+000  7.4664858e-001
  2.4644118e+000  1.0399924e+000
  3.9796234e+000 -1.4256993e+000
  2.8494095e+000 -8.6594783e-001
  2.7444843e+000 -1.8721527e-001
  2.2941384e+000 -2.3855248e+000
  4.1672165e+000 -3.7886649e+000
  3.7724874e+000 -1.9472717e-001
  3.8735628e+000 -2.6888417e+000
  3.1996395e+000  1.6048262e+000
  1.2114734e+000  2.2908201e+000
  5.1275536e+000 -4.4604127e+000
  2.2017585e+000  3.1771816e-001
  3.5587649e+000 -1.1612353e-001
  4.5933973e+000 -1.9184022e+000
  3.1500130e+000 -2.1988450e+000
  2.8847547e+000  9.9859389e-001
  3.7135365e+000  4.1273761e+000
  2.6573124e+000 -5.9625368e-001
  2.2776109e+000  5.3413354e-001
  7.7610934e-001  3.7431956e+000
  2.7910688e+000 -1.6701035e+000
  3.1529469e+000 -2.6806179e+000
  4.5124007e+000 -1.9226593e+000
  3.6941851e+000 -5.5350741e+000
  4.0408120e+000 -3.3904812e+000
  2.7846560e+000 -2.4859830e+000
  4.3935350e+000 -2.4909909e-001
  3.9236865e+000 -2.6791769e+000
  2.6533278e+000 -2.3777070e+000
  3.0947931e+000 -2.0161176e+000
  1.5453544e+000 -8.5546315e-001
  2.1365657e+000  1.9425101e+000
  3.3578080e+000 -1.9456900e+000
  2.1883084e+000 -2.1445972e+000
  2.7971474e+000  4.8846014e-001
  4.2303591e+000 -1.2517669e+000
  2.3047477e+000  9.6246662e-001
  2.8866745e+000 -2.0081768e+000
  1.9237802e+000 -2.6432642e+000
  3.7345311e+000 -1.0867656e+000
  3.5546393e+000 -1.5443994e+000
  1.4977597e+000  1.0532803e-001
  2.1378042e+000 -1.1765544e+000
  2.4451029e+000  9.3806327e-002
  3.5186949e-001  1.2908618e+000
  1.7317673e+000 -3.1997663e-001
  2.2127326e+000 -1.0273238e+000
  3.5510049e+000 -5.8943530e+000
  2.7715347e+000  1.4350662e+000
  1.8631521e+000  1.3050382e+000
  2.7401165e+000 -9.0029840e-001
  3.7431209e+000  2.6444529e+000
  2.8683342e+000  1.3405117e+000
  1.6813464e+000 -9.2424970e-001
  6.0071277e+000 -6.3214184e+000
  3.2467574e+000 -3.1746663e+000
  4.5170185e+000 -4.3288331e+000
  5.6926577e+000 -2.1921391e+000
  4.2445192e+000 -1.8431278e+000
  2.8870848e+000  1.7818488e+000
  9.5045449e-001 -1.5438728e+000
  1.4645770e+000  7.7803346e-001
  2.5322053e+000 -2.5293761e-001
  3.1491088e+000 -1.8679176e+000
  4.8213609e+000 -4.7551637e+000
  5.3982027e+000 -1.0214731e+000
  3.8579134e+000  2.0349608e+000
  1.7468847e+000  1.6235832e+000
  2.8035544e+000  3.8739005e-001
  5.2339222e+000 -5.0022019e+000
  3.0229445e+000  9.8601046e-002
  2.9358495e+000  1.8018596e+000
  2.0147203e+000  1.3939034e+000
  3.3423949e+000 -1.0001387e+000
  2.4563470e+000 -1.0938666e+000
  3.4351962e+000 -2.7669140e-001
  4.1367490e+000 -3.7713295e+000
  4.7657257e+000 -4.9644531e+000
  2.9832514e+000 -4.0901446e+000
  5.4608703e+000 -3.5099342e+000
  4.8079725e+000 -3.9943625e+000
  2.1535811e+000  1.8817866e+000
  4.6672207e+000 -2.6433846e+000
  3.4873312e+000  1.3541455e-001
  2.0815347e+000 -4.3521980e+000
  4.2705401e+000 -3.1647745e+000
  3.9492041e+000 -3.5107369e+000
  3.5908460e+000 -3.3117307e-003
  3.1054796e+000 -1.7983398e-001
  1.9251806e+000  5.1555385e+000
  5.4078590e+000  7.1162025e-001
  4.2941860e+000  6.6515803e-001
  4.7014524e+000 -3.1153703e+000
  3.4908571e+000 -6.3665320e+000
  2.5922578e+000  4.0708747e-001
  4.1909916e+000 -2.0743197e+000
  1.6198775e+000 -4.1858979e-001
  3.4584441e+000  1.7374492e+000
  2.2772901e+000 -6.0178460e+000
  3.0305038e+000 -1.9461552e+000
  3.6663155e+000 -5.3331338e+000
  3.9327289e+000 -4.0797898e+000
  2.6481146e+000  2.7099366e-002
  2.7032999e+000  1.0734185e+000
  4.8485228e-001  4.6565003e-001
  1.5259284e+000 -1.3507637e+000
  5.0699174e+000  3.6733263e-001
  3.3563841e+000 -4.3001284e-001
  3.5553677e+000  2.6139644e-001
  1.7304114e+000  2.0503107e+000
  2.5932774e+000  1.7833681e+000
  9.7958211e-001  5.3325992e+000
  1.3978910e+000  1.6607319e+000
  1.4600040e+000  1.5297381e+000
  1.0895096e+000  1.2050222e+000
  1.6026823e+000  1.2117170e+000
  1.7490324e+000 -3.5880739e-002
  2.2054233e+000 -3.4858305e-001
  4.2260360e+000 -1.5321774e+000
  4.9994138e+000 -6.7708705e+000
  2.2080262e+000  1.8509595e+000
  3.2925612e+000  4.9053681e-002
  2.8346621e+000 -2.9289624e-001
  1.8202644e+000  1.4506653e+000
  1.9741843e+000 -1.1799685e+000
  1.1174166e+000 -1.2661258e+000
  3.8763485e+000 -5.9630092e-001
  2.9690100e+000  1.1397679e+000
  4.0754817e+000 -8.0514707e-001
  2.2497428e+000 -9.4544919e-001
  2.5921904e+000 -3.4710692e+000
  3.5320399e+000  2.6600797e-001
  2.9808738e+000  9.4920219e-002
  4.4391408e+000  3.4802896e-001
  2.1298478e+000  6.6661621e-001
  4.4877474e+000 -2.8884190e+000
  2.6671351e+000  1.4450430e-001
  2.8546591e+000 -4.6033314e-001
  2.5486506e+000 -3.2458935e+000
  2.4592532e+000 -1.2894509e+000
  4.6821651e+000 -3.4978056e+000
  2.1982205e+000 -1.2966858e+000
  4.2839513e+000 -2.5231374e+000
  2.8596203e+000 -2.5999464e+000
  2.9312666e+000 -4.9627287e-001
  3.1471003e+000 -5.1115043e-001
  2.9261491e+000 -1.7154029e+000
  1.6723624e+000 -6.9363532e-001
  2.0008323e+000  3.2127197e+000
  3.4350250e+000  1.2300909e+000
  2.7193978e+000 -2.7576527e+000
  3.1836770e+000 -3.5458515e-002
  3.6759917e+000 -2.4162320e+000
  3.1483216e+000 -1.8141422e+000
  2.5652673e+000 -2.0252818e+000
  2.9166376e+000 -3.6555176e+000
  4.3618028e+000  9.2794243e-002
  3.6744815e+000 -5.0779090e+000
  3.8031916e+000 -1.8678570e+000
  3.9050004e+000 -1.3101812e+000
  3.9560138e+000 -4.8050956e+000
  2.2312941e+000  1.1626992e+000
  5.4913242e+000 -2.6349836e+000
  2.8461306e+000 -1.2090572e+000
  3.0414595e+000 -1.9775135e+000
  1.4951101e+000 -3.3826814e-001
  4.0850124e+000 -6.8782297e-001
  3.5720492e+000 -4.9083940e+000
  3.1919294e+000 -3.0776728e-001
  3.6183265e+000 -4.1195894e+000
  3.8657664e+000 -1.8887041e+000
  3.3585236e+000  7.5529190e-001
  4.7079574e-001  2.9265209e+000
  2.8923726e+000 -2.5468703e+000
  2.8340255e+000 -3.0462385e-001
  3.4353708e+000 -3.6911655e+000
  2.6992572e+000 -8.8946142e-001
  3.1445947e+000  1.2145706e+000
  3.0965967e+000 -4.4933158e+000
  2.8253001e+000  2.3346446e+000
  3.6751037e+000 -2.0799108e-001
  3.0849411e+000 -3.5009046e+000
  3.8775050e+000  1.5608524e+000
  2.4053092e+000  6.6698439e-001
  4.5896471e+000 -6.1753922e-001
  2.1474025e+000  2.3866403e-001
  2.7114234e+000 -8.5007418e-001
  1.5160608e+000  2.3207304e+000
  2.3531756e+000 -2.5846708e+000
  4.2651552e+000 -5.1421215e+000
  3.4732260e+000 -1.7405850e+000
  2.0441441e+000 -3.1940513e-001
  3.5060436e+000 -3.2397687e+000
  2.2798056e+000 -7.9653155e-003
  8.8970489e-001  1.9686310e+000
  2.4586120e+000  1.2027920e+000
  4.9891918e+000 -1.8258206e-001
  3.2154126e+000 -1.4759919e+000
  1.0180939e+000 -2.6951780e-001
  3.7117340e+000 -1.8275445e+000
  4.9608741e+000 -3.3284783e+000
  2.9583383e+000 -1.1230125e+000
  2.8499276e+000  9.8616007e-001
  3.6062449e+000 -1.6473218e+000
  2.1680410e+000 -3.3936596e-001
  3.3095082e+000 -3.8578472e+000
  5.5553044e+000 -4.7305672e+000
  2.1203419e+000  3.2931484e+000
  3.0748545e+000 -1.8896867e+000
  3.4181944e+000 -5.4529160e+000
  3.4474286e+000 -1.8066374e+000
  3.8779369e+000 -3.9447792e+000
  2.7921709e+000 -2.1840528e+000
  2.2521056e+000  4.3441367e-001
  2.9367926e+000  1.6226258e+000
  1.0629675e+000  2.7206723e+000
  2.7810120e+000 -3.9374070e+000
  5.2318618e+000  4.3260111e-001
  2.4356575e+000 -3.5948801e+000
  3.3708911e+000  1.8574784e+000
  3.5176475e+000 -3.0481864e+000
  3.4079884e+000 -1.7894882e+000
  3.0787792e+000  3.8622707e+000
  2.3518570e+000  6.6180909e-001
  3.3661646e+000  2.1486457e+000
  3.2552209e+000 -7.1001659e-001
  3.1748727e+000  3.3434785e+000
  3.6232552e+000 -1.0492737e+000
  2.8298645e+000 -1.4896319e+000
  1.8075498e+000 -3.9588201e+000
  2.2297141e+000  2.0574751e+000
  3.7131701e+000 -6.5350849e-001
  4.0504404e+000 -2.2948768e+000
  2.3643148e+000  2.6275798e+000
  1.6499404e+000  3.2411646e+000
  1.9669926e+000 -1.9890179e+000
  4.0312234e+000 -2.3672406e+000
  3.9370947e+000 -4.1504867e+000
  3.8031271e+000  9.2961895e-002
  3.9930434e+000 -2.2963861e+000
  2.9708975e+000 -3.3514934e-001
  3.1613107e+000 -1.9557421e+000
  3.7340933e+000  1.1773560e-001
  3.9416754e+000 -1.3048483e+000
  5.6037131e+000 -2.3867042e+000
  2.0168042e+000  2.2140418e+000
  3.1147034e+000 -1.3856825e+000
  3.4490054e+000 -5.5133683e+000
  1.8188616e+000  1.6504879e+000
  1.4852872e+000  1.0710809e+000
  3.1663656e+000 -1.8122041e-001
  2.2797876e+000  5.5944930e-001
  2.9999239e+000  5.1671319e-001
  2.0260976e+000  2.0146271e+000
  2.9004321e+000 -7.2265194e-001
  3.1034403e+000 -2.3460415e+000
  7.3445022e-001  3.1714970e+000
  3.7747554e+000 -2.4229293e+000
  9.4131334e-001 -1.0093589e+000
  3.2607884e+000  4.2877288e-001
  3.0221922e+000  7.9559606e-001
  3.2367987e+000 -2.0945020e+000
  4.5572384e+000 -2.1385329e-001
  1.4258182e+000  8.3487556e-001
  2.2978351e+000  3.0416190e+000
  2.2210101e+000 -3.5857269e-001
  4.5847471e+000 -2.3120957e+000
  4.3448152e+000 -1.9383971e+000
  3.7231500e+000  2.4845121e+000
  1.4086891e+000 -6.0654703e-001
  2.5294254e+000 -1.0506282e+000
  3.5371326e+000 -8.3641923e-001
  3.3604170e+000 -3.7857928e-001
  2.3363083e+000 -2.4721856e+000
  4.5413658e+000 -3.2020480e+000
  2.4103785e+000 -3.4864119e+000
  3.3959506e+000 -2.7612267e+000
  5.0445007e+000 -2.9165590e+000
  4.7727362e+000 -3.4551222e+000
  2.7994898e+000 -4.8631128e+000
  3.7723237e+000 -2.0558076e+000
  4.7200044e+000 -4.5271717e+000
  2.0278934e+000 -2.1000462e+000
  3.9855976e+000 -1.7439137e+000
  4.9088541e+000 -2.9391183e+000
  4.0316617e+000 -2.0139641e+000
  4.2658263e+000 -1.7257678e+000
  3.0014645e+000 -6.8439388e-001
  1.6866160e+000 -1.0145489e+000
  2.2574142e+000  1.5831175e+000
  4.5845620e+000  1.3977475e+000
  3.0737185e+000 -3.4352601e+000
  3.8464712e+000 -3.9185081e+000
  1.9621554e+000 -5.0986893e-001
  1.1852475e+000 -3.5025965e+000
  9.0291861e-001 -3.6613280e-001
  3.2855187e+000 -5.3986685e+000
  8.2099371e-001 -9.6837263e-001
  4.4552318e+000 -4.5698575e+000
  4.1656071e+000 -1.4449070e+000
  3.3079513e+000 -1.9480527e+000
  4.0470861e+000 -1.2056470e+000
  2.8930924e+000  5.4633130e-001
